﻿"交易
日期",收盤價,漲跌價,漲跌幅,"至
'23/12/29
累計
漲跌幅"
'23/12/29,35.16,0,0%,0%
'23/12/28,35.16,0.04,0.11%,0.11%
'23/12/27,35.12,0.3,0.86%,0.98%
'23/12/26,34.82,0.24,0.69%,1.68%
'23/12/25,34.58,0.13,0.38%,2.06%
'23/12/22,34.45,0.07,0.20%,2.27%
'23/12/21,34.38,-0.24,-0.69%,1.56%
'23/12/20,34.62,0.17,0.49%,2.06%
'23/12/19,34.45,-0.13,-0.38%,1.68%
'23/12/18,34.58,0.04,0.12%,1.80%
'23/12/15,34.54,0.08,0.23%,2.03%
'23/12/14,34.46,0.4,1.17%,3.23%
'23/12/13,34.06,0.06,0.18%,3.41%
'23/12/12,34,0.05,0.15%,3.56%
'23/12/11,33.95,-0.02,-0.06%,3.50%
'23/12/08,33.97,0.21,0.62%,4.15%
'23/12/07,33.76,-0.2,-0.59%,3.53%
'23/12/06,33.96,0.15,0.44%,3.99%
'23/12/05,33.81,-0.22,-0.65%,3.32%
'23/12/04,34.03,-0.04,-0.12%,3.20%
'23/12/01,34.07,0.02,0.06%,3.26%
'23/11/30,34.05,0.09,0.27%,3.53%
'23/11/29,33.96,-0.01,-0.03%,3.50%
'23/11/28,33.97,0.23,0.68%,4.21%
'23/11/27,33.74,-0.2,-0.59%,3.59%
'23/11/24,33.94,0.02,0.06%,3.66%
'23/11/23,33.92,-0.05,-0.15%,3.50%
'23/11/22,33.97,-0.23,-0.67%,2.81%
'23/11/21,34.2,0.43,1.27%,4.12%
'23/11/20,33.77,-0.02,-0.06%,4.05%
'23/11/17,33.79,0.09,0.27%,4.33%
'23/11/16,33.7,-0.08,-0.24%,4.09%
'23/11/15,34.48,0.44,1.29%,5.35%
'23/11/14,34.04,0.13,0.38%,5.75%
'23/11/13,33.91,0.38,1.13%,6.95%
'23/11/10,33.53,-0.14,-0.42%,6.50%
'23/11/09,33.67,0.04,0.12%,6.63%
'23/11/08,33.63,0.15,0.45%,7.11%
'23/11/07,33.48,-0.04,-0.12%,6.98%
'23/11/06,33.52,0.33,0.99%,8.04%
'23/11/03,33.19,0.21,0.64%,8.73%
'23/11/02,32.98,0.75,2.33%,11.30%
'23/11/01,32.23,0.1,0.31%,11.60%
'23/10/31,32.13,-0.2,-0.62%,10.90%
'23/10/30,32.33,-0.06,-0.19%,10.70%
'23/10/27,32.39,0.11,0.34%,11.10%
'23/10/26,32.28,-0.56,-1.71%,9.20%
'23/10/25,32.84,0.08,0.24%,9.46%
'23/10/24,32.76,0.04,0.12%,9.60%
'23/10/23,32.72,-0.34,-1.03%,8.47%
'23/10/20,33.06,-0.04,-0.12%,8.34%
'23/10/19,33.1,0.01,0.03%,8.37%
'23/10/18,33.09,-0.39,-1.16%,7.11%
'23/10/17,33.48,-0.05,-0.15%,6.95%
'23/10/16,33.53,-0.18,-0.53%,6.38%
'23/10/13,33.71,-0.09,-0.27%,6.09%
'23/10/12,33.8,0.19,0.57%,6.69%
'23/10/11,33.61,0.42,1.27%,8.04%
'23/10/06,33.19,0.18,0.55%,8.63%
'23/10/05,33.01,0.46,1.41%,10.20%
'23/10/04,32.55,-0.39,-1.18%,8.86%
'23/10/03,32.94,-0.2,-0.60%,8.21%
'23/10/02,33.14,0.35,1.07%,9.36%
'23/09/28,32.79,0.17,0.52%,9.93%
'23/09/27,32.62,-0.02,-0.06%,9.87%
'23/09/26,32.64,-0.4,-1.21%,8.54%
'23/09/25,33.04,0.23,0.70%,9.30%
'23/09/22,32.81,0.01,0.03%,9.33%
'23/09/21,32.8,-0.46,-1.38%,7.82%
'23/09/20,33.26,-0.2,-0.60%,7.17%
'23/09/19,33.46,-0.1,-0.30%,6.85%
'23/09/18,33.56,-0.3,-0.89%,5.91%
'23/09/15,33.86,0.14,0.42%,6.35%
'23/09/14,33.72,0.44,1.32%,7.75%
'23/09/13,33.28,0.03,0.09%,7.85%
'23/09/12,33.25,0.26,0.79%,8.70%
'23/09/11,32.99,-0.23,-0.69%,7.95%
'23/09/08,33.22,-0.07,-0.21%,7.72%
'23/09/07,33.29,-0.28,-0.83%,6.82%
'23/09/06,33.57,-0.03,-0.09%,6.73%
'23/09/05,33.6,-0.04,-0.12%,6.60%
'23/09/04,33.64,0.19,0.57%,7.20%
'23/09/01,33.45,0,0%,7.20%
'23/08/31,33.45,-0.22,-0.65%,6.50%
'23/08/30,33.67,0.18,0.54%,7.08%
'23/08/29,33.49,0.15,0.45%,7.56%
'23/08/28,33.34,0.13,0.39%,7.98%
'23/08/25,33.21,-0.63,-1.86%,5.97%
'23/08/24,33.84,0.47,1.41%,7.46%
'23/08/23,33.37,0.19,0.57%,8.08%
'23/08/22,33.18,0.16,0.48%,8.60%
'23/08/21,33.02,-0.02,-0.06%,8.54%
'23/08/18,33.04,-0.24,-0.72%,7.75%
'23/08/17,33.28,0.07,0.21%,7.98%
'23/08/16,33.21,-0.11,-0.33%,7.62%
'23/08/15,34,0.17,0.50%,8.01%
'23/08/14,33.83,-0.42,-1.23%,6.69%
'23/08/11,34.25,-0.04,-0.12%,6.56%
'23/08/10,34.29,-0.35,-1.01%,5.48%
'23/08/09,34.64,-0.01,-0.03%,5.45%
'23/08/08,34.65,-0.27,-0.77%,4.64%
'23/08/07,34.92,0.35,1.01%,5.70%
'23/08/04,34.57,-0.11,-0.32%,5.36%
'23/08/02,34.68,-0.64,-1.81%,3.45%
'23/08/01,35.32,0.25,0.71%,4.19%
'23/07/31,35.07,-0.32,-0.90%,3.25%
'23/07/28,35.39,0.09,0.25%,3.51%
'23/07/27,35.3,0.07,0.20%,3.72%
'23/07/26,35.23,0.06,0.17%,3.90%
'23/07/25,35.17,0.33,0.95%,4.88%
'23/07/24,34.84,0.16,0.46%,5.36%
'23/07/21,34.68,-0.24,-0.69%,4.64%
'23/07/20,34.92,0.11,0.32%,4.97%
'23/07/19,34.81,-0.27,-0.77%,4.16%
'23/07/18,35.08,-0.08,-0.23%,3.92%
'23/07/17,35.16,0.1,0.29%,4.22%
'23/07/14,35.06,0.43,1.24%,5.52%
'23/07/13,34.63,0.36,1.05%,6.62%
'23/07/12,34.27,0.22,0.65%,7.31%
'23/07/11,34.05,0.46,1.37%,8.78%
'23/07/10,33.59,0.01,0.03%,8.81%
'23/07/07,33.58,-0.15,-0.44%,8.33%
'23/07/06,33.73,-0.58,-1.69%,6.50%
'23/07/05,34.31,-0.15,-0.44%,6.04%
'23/07/04,34.46,0.16,0.47%,6.53%
'23/07/03,34.3,0.49,1.45%,8.07%
'23/06/30,33.81,0.04,0.12%,8.20%
'23/06/29,33.77,-0.03,-0.09%,8.11%
'23/06/28,33.8,0.08,0.24%,8.36%
'23/06/27,33.72,-0.28,-0.82%,7.47%
'23/06/26,34,-0.17,-0.50%,6.94%
'23/06/21,34.17,0.02,0.06%,7%
'23/06/20,34.15,-0.14,-0.41%,6.56%
'23/06/19,34.29,-0.02,-0.06%,6.50%
'23/06/16,34.31,-0.07,-0.20%,6.28%
'23/06/15,34.38,0.24,0.70%,7.03%
'23/06/14,34.14,0.01,0.03%,7.06%
'23/06/13,34.13,0.54,1.61%,8.78%
'23/06/12,33.59,0.2,0.60%,9.43%
'23/06/09,33.39,0.27,0.82%,10.30%
'23/06/08,33.12,-0.29,-0.87%,9.37%
'23/06/07,33.41,0.32,0.97%,10.40%
'23/06/06,33.09,0.14,0.42%,10.90%
'23/06/05,32.95,-0.05,-0.15%,10.70%
'23/06/02,33,0.42,1.29%,12.20%
'23/06/01,32.58,-0.18,-0.55%,11.50%
'23/05/31,32.76,-0.16,-0.49%,11%
'23/05/30,32.92,0.07,0.21%,11.20%
'23/05/29,32.85,0.26,0.80%,12.10%
'23/05/26,32.59,0.58,1.81%,14.20%
'23/05/25,32.01,0.26,0.82%,15.10%
'23/05/24,31.75,-0.11,-0.35%,14.70%
'23/05/23,31.86,-0.01,-0.03%,14.70%
'23/05/22,31.87,-0.03,-0.09%,14.50%
'23/05/19,31.9,0.15,0.47%,15.10%
'23/05/18,31.75,0.3,0.95%,16.20%
'23/05/17,31.45,0.38,1.22%,17.60%
'23/05/16,31.07,0.37,1.21%,19%
'23/05/15,30.7,-0.01,-0.03%,19%
'23/05/12,30.71,-0.1,-0.32%,18.60%
'23/05/11,30.81,-0.06,-0.19%,18.40%
'23/05/10,30.87,-0.21,-0.68%,17.60%
'23/05/09,31.08,0.04,0.13%,17.70%
'23/05/08,31.04,0.2,0.65%,18.50%
'23/05/05,30.84,0.05,0.16%,18.70%
'23/05/04,30.79,0.02,0.06%,18.80%
'23/05/03,30.77,-0.09,-0.29%,18.40%
'23/05/02,30.86,0.14,0.46%,18.90%
'23/04/28,30.72,0.32,1.05%,20.20%
'23/04/27,30.4,0.01,0.03%,20.20%
'23/04/26,30.39,-0.09,-0.30%,19.90%
'23/04/25,30.48,-0.39,-1.26%,18.40%
'23/04/24,30.87,0,0%,18.40%
'23/04/21,30.87,-0.11,-0.36%,17.90%
'23/04/20,30.98,-0.03,-0.10%,17.80%
'23/04/19,31.01,-0.25,-0.80%,16.90%
'23/04/18,31.26,-0.12,-0.38%,16.40%
'23/04/17,31.38,-0.07,-0.22%,16.20%
'23/04/14,31.45,0.26,0.83%,17.20%
'23/04/13,31.19,-0.21,-0.67%,16.40%
'23/04/12,31.4,0,0%,16.40%
'23/04/11,31.4,0.06,0.19%,16.60%
'23/04/10,31.34,0.05,0.16%,16.80%
'23/04/07,31.29,0,0%,16.80%
'23/04/06,31.29,-0.17,-0.54%,16.10%
'23/03/31,31.46,0.07,0.22%,16.40%
'23/03/30,31.39,0.17,0.54%,17%
'23/03/29,31.22,0.07,0.22%,17.30%
'23/03/28,31.15,-0.27,-0.86%,16.30%
'23/03/27,31.42,-0.1,-0.32%,15.90%
'23/03/24,31.52,0.12,0.38%,16.40%
'23/03/23,31.4,0.23,0.74%,17.20%
'23/03/22,31.17,0.48,1.56%,19.10%
'23/03/21,30.69,0.14,0.46%,19.60%
'23/03/20,30.55,-0.09,-0.29%,19.30%
'23/03/17,30.64,0.34,1.12%,20.60%
'23/03/16,30.3,-0.23,-0.75%,19.70%
'23/03/15,30.53,0.06,0.20%,19.90%
'23/03/14,30.47,-0.34,-1.10%,18.60%
'23/03/13,30.81,0.1,0.33%,19%
'23/03/10,30.71,-0.37,-1.19%,17.60%
'23/03/09,31.08,-0.09,-0.29%,17.20%
'23/03/08,31.17,-0.17,-0.54%,16.60%
'23/03/07,31.34,0.21,0.67%,17.40%
'23/03/06,31.13,0.33,1.07%,18.60%
'23/03/03,30.8,0.03,0.10%,18.80%
'23/03/02,30.77,-0.04,-0.13%,18.60%
'23/03/01,30.81,0.13,0.42%,19.10%
'23/02/24,30.68,-0.18,-0.58%,18.40%
'23/02/23,30.86,0.39,1.28%,19.90%
'23/02/22,30.47,-0.24,-0.78%,19%
'23/02/21,30.71,-0.05,-0.16%,18.80%
'23/02/20,30.76,0.12,0.39%,19.30%
'23/02/17,30.64,-0.27,-0.87%,18.20%
'23/02/16,30.91,0.34,1.11%,19.50%
'23/02/15,30.57,-0.52,-1.67%,17.50%
'23/02/14,31.09,0.19,0.61%,18.30%
'23/02/13,30.9,-0.03,-0.10%,18.10%
'23/02/10,30.93,0.02,0.06%,18.20%
'23/02/09,30.91,-0.02,-0.06%,18.10%
'23/02/08,30.93,0.38,1.24%,19.60%
'23/02/07,30.55,-0.09,-0.29%,19.30%
'23/02/06,30.64,-0.25,-0.81%,18.30%
'23/02/03,30.89,0.03,0.10%,18.40%
'23/02/02,30.86,0.32,1.05%,19.60%
'23/02/01,30.54,0.17,0.56%,20.30%
'23/01/31,30.37,-0.38,-1.24%,18.80%
'23/01/30,30.75,1.02,3.43%,22.90%
'23/01/17,29.73,-0.07,-0.23%,22.60%
'23/01/16,29.8,0.19,0.64%,23.40%
'23/01/13,29.61,0.26,0.89%,24.50%
'23/01/12,29.35,-0.06,-0.20%,24.20%
'23/01/11,29.41,-0.05,-0.17%,24%
'23/01/10,29.46,0.18,0.61%,24.80%
'23/01/09,29.28,0.72,2.52%,27.90%
'23/01/06,28.56,0.21,0.74%,28.90%
'23/01/05,28.35,0.13,0.46%,29.50%
'23/01/04,28.22,-0.06,-0.21%,29.20%
'23/01/03,28.28,0.1,0.35%,29.70%
